{
 "cells": [
  {
   "cell_type": "code",
   "execution_count": 1,
   "metadata": {},
   "outputs": [
    {
     "data": {
      "text/html": [
       "<script>requirejs.config({paths: { 'plotly': ['https://cdn.plot.ly/plotly-latest.min']},});if(!window.Plotly) {{require(['plotly'],function(plotly) {window.Plotly=plotly;});}}</script>"
      ],
      "text/vnd.plotly.v1+html": [
       "<script>requirejs.config({paths: { 'plotly': ['https://cdn.plot.ly/plotly-latest.min']},});if(!window.Plotly) {{require(['plotly'],function(plotly) {window.Plotly=plotly;});}}</script>"
      ]
     },
     "metadata": {},
     "output_type": "display_data"
    }
   ],
   "source": [
    "import plotly.offline as py\n",
    "from visual import *\n",
    "\n",
    "py.init_notebook_mode(connected=True)"
   ]
  },
  {
   "cell_type": "code",
   "execution_count": 2,
   "metadata": {},
   "outputs": [],
   "source": [
    "section = 'cond-mat'\n",
    "year = 17\n",
    "volume = \"{}.{}\".format(section, str(year).zfill(2))"
   ]
  },
  {
   "cell_type": "code",
   "execution_count": 5,
   "metadata": {},
   "outputs": [],
   "source": [
    "#model = Word2Vec.load(\"../stat/word_vec/{}\".format(volume))\n",
    "model = Word2Vec.load(\"../stat/word_vec/w20/cond-mat.17w20\")\n",
    "terms = topics_normalize(model, get_lines(\"../topics/{}.txt\".format(section)))\n",
    "extented_terms = closest_keys(terms, model)"
   ]
  },
  {
   "cell_type": "code",
   "execution_count": 4,
   "metadata": {},
   "outputs": [
    {
     "data": {
      "application/vnd.plotly.v1+json": {
       "data": [
        {
         "marker": {
          "color": "green"
         },
         "type": "bar",
         "x": [
          "graphene",
          "topological",
          "hall",
          "laser",
          "qubit",
          "dot",
          "superconductor",
          "semiconductor",
          "condensation",
          "metamaterial",
          "quasicrystal"
         ],
         "y": [
          3.5925,
          2.9965,
          1.6042,
          1.3505,
          0.881,
          0.8294,
          0.7012,
          0.6117,
          0.2983,
          0.0579,
          0.0383
         ]
        }
       ],
       "layout": {
        "height": 500,
        "margin": {
         "t": 10
        },
        "showlegend": false,
        "width": 600,
        "xaxis": {
         "tickangle": -40
        }
       }
      },
      "text/html": [
       "<div id=\"c95335a9-a3dc-4eda-91b7-e8d16225ec87\" style=\"height: 500px; width: 600px;\" class=\"plotly-graph-div\"></div><script type=\"text/javascript\">require([\"plotly\"], function(Plotly) { window.PLOTLYENV=window.PLOTLYENV || {};window.PLOTLYENV.BASE_URL=\"https://plot.ly\";Plotly.newPlot(\"c95335a9-a3dc-4eda-91b7-e8d16225ec87\", [{\"type\": \"bar\", \"marker\": {\"color\": \"green\"}, \"x\": [\"graphene\", \"topological\", \"hall\", \"laser\", \"qubit\", \"dot\", \"superconductor\", \"semiconductor\", \"condensation\", \"metamaterial\", \"quasicrystal\"], \"y\": [3.5925, 2.9965, 1.6042, 1.3505, 0.881, 0.8294, 0.7012, 0.6117, 0.2983, 0.0579, 0.0383]}], {\"showlegend\": false, \"xaxis\": {\"tickangle\": -40}, \"width\": 600, \"height\": 500, \"margin\": {\"t\": 10}}, {\"showLink\": false, \"linkText\": \"Export to plot.ly\"})});</script>"
      ],
      "text/vnd.plotly.v1+html": [
       "<div id=\"c95335a9-a3dc-4eda-91b7-e8d16225ec87\" style=\"height: 500px; width: 600px;\" class=\"plotly-graph-div\"></div><script type=\"text/javascript\">require([\"plotly\"], function(Plotly) { window.PLOTLYENV=window.PLOTLYENV || {};window.PLOTLYENV.BASE_URL=\"https://plot.ly\";Plotly.newPlot(\"c95335a9-a3dc-4eda-91b7-e8d16225ec87\", [{\"type\": \"bar\", \"marker\": {\"color\": \"green\"}, \"x\": [\"graphene\", \"topological\", \"hall\", \"laser\", \"qubit\", \"dot\", \"superconductor\", \"semiconductor\", \"condensation\", \"metamaterial\", \"quasicrystal\"], \"y\": [3.5925, 2.9965, 1.6042, 1.3505, 0.881, 0.8294, 0.7012, 0.6117, 0.2983, 0.0579, 0.0383]}], {\"showlegend\": false, \"xaxis\": {\"tickangle\": -40}, \"width\": 600, \"height\": 500, \"margin\": {\"t\": 10}}, {\"showLink\": false, \"linkText\": \"Export to plot.ly\"})});</script>"
      ]
     },
     "metadata": {},
     "output_type": "display_data"
    }
   ],
   "source": [
    "keys_top(terms, section, year) # keywords raiting"
   ]
  },
  {
   "cell_type": "code",
   "execution_count": 6,
   "metadata": {},
   "outputs": [
    {
     "data": {
      "application/vnd.plotly.v1+json": {
       "data": [
        {
         "marker": {
          "color": "blue"
         },
         "type": "bar",
         "x": [
          "dot"
         ],
         "y": [
          -0.35
         ]
        },
        {
         "marker": {
          "color": "red"
         },
         "type": "bar",
         "x": [
          "condensation",
          "quasicrystal",
          "qubit",
          "superconductor",
          "semiconductor",
          "graphene",
          "hall",
          "laser",
          "topological"
         ],
         "y": [
          0.02,
          0.03,
          0.16,
          0.16,
          0.18,
          0.46,
          0.55,
          0.56,
          1.81
         ]
        }
       ],
       "layout": {
        "height": 500,
        "margin": {
         "t": 10
        },
        "showlegend": false,
        "width": 600,
        "xaxis": {
         "tickangle": -40
        }
       }
      },
      "text/html": [
       "<div id=\"3efcb078-0122-46c8-ac30-648eaa83e8c0\" style=\"height: 500px; width: 600px;\" class=\"plotly-graph-div\"></div><script type=\"text/javascript\">require([\"plotly\"], function(Plotly) { window.PLOTLYENV=window.PLOTLYENV || {};window.PLOTLYENV.BASE_URL=\"https://plot.ly\";Plotly.newPlot(\"3efcb078-0122-46c8-ac30-648eaa83e8c0\", [{\"type\": \"bar\", \"marker\": {\"color\": \"blue\"}, \"x\": [\"dot\"], \"y\": [-0.35]}, {\"type\": \"bar\", \"marker\": {\"color\": \"red\"}, \"x\": [\"condensation\", \"quasicrystal\", \"qubit\", \"superconductor\", \"semiconductor\", \"graphene\", \"hall\", \"laser\", \"topological\"], \"y\": [0.02, 0.03, 0.16, 0.16, 0.18, 0.46, 0.55, 0.56, 1.81]}], {\"showlegend\": false, \"xaxis\": {\"tickangle\": -40}, \"width\": 600, \"height\": 500, \"margin\": {\"t\": 10}}, {\"showLink\": false, \"linkText\": \"Export to plot.ly\"})});</script>"
      ],
      "text/vnd.plotly.v1+html": [
       "<div id=\"3efcb078-0122-46c8-ac30-648eaa83e8c0\" style=\"height: 500px; width: 600px;\" class=\"plotly-graph-div\"></div><script type=\"text/javascript\">require([\"plotly\"], function(Plotly) { window.PLOTLYENV=window.PLOTLYENV || {};window.PLOTLYENV.BASE_URL=\"https://plot.ly\";Plotly.newPlot(\"3efcb078-0122-46c8-ac30-648eaa83e8c0\", [{\"type\": \"bar\", \"marker\": {\"color\": \"blue\"}, \"x\": [\"dot\"], \"y\": [-0.35]}, {\"type\": \"bar\", \"marker\": {\"color\": \"red\"}, \"x\": [\"condensation\", \"quasicrystal\", \"qubit\", \"superconductor\", \"semiconductor\", \"graphene\", \"hall\", \"laser\", \"topological\"], \"y\": [0.02, 0.03, 0.16, 0.16, 0.18, 0.46, 0.55, 0.56, 1.81]}], {\"showlegend\": false, \"xaxis\": {\"tickangle\": -40}, \"width\": 600, \"height\": 500, \"margin\": {\"t\": 10}}, {\"showLink\": false, \"linkText\": \"Export to plot.ly\"})});</script>"
      ]
     },
     "metadata": {},
     "output_type": "display_data"
    }
   ],
   "source": [
    "terms_evo(terms, section, 10, 17) # terms rate evolution"
   ]
  },
  {
   "cell_type": "code",
   "execution_count": 9,
   "metadata": {},
   "outputs": [
    {
     "data": {
      "application/vnd.plotly.v1+json": {
       "data": [
        {
         "colorscale": [
          [
           0,
           "rgb(247, 251, 255)"
          ],
          [
           0.003937007874015748,
           "rgb(246, 250, 254)"
          ],
          [
           0.007874015748031496,
           "rgb(245, 249, 254)"
          ],
          [
           0.011811023622047244,
           "rgb(244, 249, 254)"
          ],
          [
           0.015748031496062992,
           "rgb(243, 248, 253)"
          ],
          [
           0.01968503937007874,
           "rgb(243, 248, 253)"
          ],
          [
           0.023622047244094488,
           "rgb(242, 247, 253)"
          ],
          [
           0.027559055118110236,
           "rgb(241, 247, 253)"
          ],
          [
           0.031496062992125984,
           "rgb(240, 246, 252)"
          ],
          [
           0.03543307086614173,
           "rgb(239, 246, 252)"
          ],
          [
           0.03937007874015748,
           "rgb(239, 245, 252)"
          ],
          [
           0.04330708661417323,
           "rgb(238, 245, 252)"
          ],
          [
           0.047244094488188976,
           "rgb(237, 244, 251)"
          ],
          [
           0.051181102362204724,
           "rgb(236, 244, 251)"
          ],
          [
           0.05511811023622047,
           "rgb(236, 243, 251)"
          ],
          [
           0.05905511811023622,
           "rgb(235, 243, 251)"
          ],
          [
           0.06299212598425197,
           "rgb(234, 242, 250)"
          ],
          [
           0.06692913385826771,
           "rgb(233, 242, 250)"
          ],
          [
           0.07086614173228346,
           "rgb(232, 241, 250)"
          ],
          [
           0.07480314960629922,
           "rgb(232, 241, 250)"
          ],
          [
           0.07874015748031496,
           "rgb(231, 240, 249)"
          ],
          [
           0.0826771653543307,
           "rgb(230, 240, 249)"
          ],
          [
           0.08661417322834646,
           "rgb(229, 239, 249)"
          ],
          [
           0.09055118110236221,
           "rgb(228, 239, 249)"
          ],
          [
           0.09448818897637795,
           "rgb(228, 238, 248)"
          ],
          [
           0.09842519685039369,
           "rgb(227, 238, 248)"
          ],
          [
           0.10236220472440945,
           "rgb(226, 237, 248)"
          ],
          [
           0.1062992125984252,
           "rgb(225, 237, 248)"
          ],
          [
           0.11023622047244094,
           "rgb(225, 236, 247)"
          ],
          [
           0.11417322834645668,
           "rgb(224, 236, 247)"
          ],
          [
           0.11811023622047244,
           "rgb(223, 235, 247)"
          ],
          [
           0.1220472440944882,
           "rgb(222, 235, 247)"
          ],
          [
           0.12598425196850394,
           "rgb(221, 234, 246)"
          ],
          [
           0.12992125984251968,
           "rgb(221, 234, 246)"
          ],
          [
           0.13385826771653542,
           "rgb(220, 233, 246)"
          ],
          [
           0.1377952755905512,
           "rgb(219, 233, 246)"
          ],
          [
           0.14173228346456693,
           "rgb(218, 232, 245)"
          ],
          [
           0.14566929133858267,
           "rgb(218, 232, 245)"
          ],
          [
           0.14960629921259844,
           "rgb(217, 231, 245)"
          ],
          [
           0.15354330708661418,
           "rgb(216, 231, 245)"
          ],
          [
           0.15748031496062992,
           "rgb(215, 230, 244)"
          ],
          [
           0.16141732283464566,
           "rgb(215, 230, 244)"
          ],
          [
           0.1653543307086614,
           "rgb(214, 229, 244)"
          ],
          [
           0.16929133858267717,
           "rgb(213, 229, 244)"
          ],
          [
           0.1732283464566929,
           "rgb(212, 228, 243)"
          ],
          [
           0.17716535433070865,
           "rgb(212, 228, 243)"
          ],
          [
           0.18110236220472442,
           "rgb(211, 227, 243)"
          ],
          [
           0.18503937007874016,
           "rgb(210, 227, 243)"
          ],
          [
           0.1889763779527559,
           "rgb(209, 226, 242)"
          ],
          [
           0.19291338582677164,
           "rgb(209, 226, 242)"
          ],
          [
           0.19685039370078738,
           "rgb(208, 225, 242)"
          ],
          [
           0.20078740157480315,
           "rgb(207, 225, 242)"
          ],
          [
           0.2047244094488189,
           "rgb(206, 224, 241)"
          ],
          [
           0.20866141732283464,
           "rgb(206, 224, 241)"
          ],
          [
           0.2125984251968504,
           "rgb(205, 223, 241)"
          ],
          [
           0.21653543307086615,
           "rgb(204, 223, 241)"
          ],
          [
           0.2204724409448819,
           "rgb(203, 222, 240)"
          ],
          [
           0.22440944881889763,
           "rgb(203, 222, 240)"
          ],
          [
           0.22834645669291337,
           "rgb(202, 221, 240)"
          ],
          [
           0.23228346456692914,
           "rgb(201, 221, 240)"
          ],
          [
           0.23622047244094488,
           "rgb(200, 220, 239)"
          ],
          [
           0.24015748031496062,
           "rgb(200, 220, 239)"
          ],
          [
           0.2440944881889764,
           "rgb(199, 219, 239)"
          ],
          [
           0.24803149606299213,
           "rgb(198, 219, 239)"
          ],
          [
           0.25196850393700787,
           "rgb(197, 218, 238)"
          ],
          [
           0.2559055118110236,
           "rgb(196, 218, 238)"
          ],
          [
           0.25984251968503935,
           "rgb(195, 217, 238)"
          ],
          [
           0.2637795275590551,
           "rgb(193, 217, 237)"
          ],
          [
           0.26771653543307083,
           "rgb(192, 216, 237)"
          ],
          [
           0.27165354330708663,
           "rgb(191, 216, 236)"
          ],
          [
           0.2755905511811024,
           "rgb(190, 215, 236)"
          ],
          [
           0.2795275590551181,
           "rgb(188, 215, 235)"
          ],
          [
           0.28346456692913385,
           "rgb(187, 214, 235)"
          ],
          [
           0.2874015748031496,
           "rgb(186, 214, 234)"
          ],
          [
           0.29133858267716534,
           "rgb(185, 213, 234)"
          ],
          [
           0.2952755905511811,
           "rgb(183, 212, 234)"
          ],
          [
           0.2992125984251969,
           "rgb(182, 212, 233)"
          ],
          [
           0.3031496062992126,
           "rgb(181, 211, 233)"
          ],
          [
           0.30708661417322836,
           "rgb(180, 211, 232)"
          ],
          [
           0.3110236220472441,
           "rgb(178, 210, 232)"
          ],
          [
           0.31496062992125984,
           "rgb(177, 210, 231)"
          ],
          [
           0.3188976377952756,
           "rgb(176, 209, 231)"
          ],
          [
           0.3228346456692913,
           "rgb(175, 209, 230)"
          ],
          [
           0.32677165354330706,
           "rgb(173, 208, 230)"
          ],
          [
           0.3307086614173228,
           "rgb(172, 208, 230)"
          ],
          [
           0.3346456692913386,
           "rgb(171, 207, 229)"
          ],
          [
           0.33858267716535434,
           "rgb(170, 207, 229)"
          ],
          [
           0.3425196850393701,
           "rgb(168, 206, 228)"
          ],
          [
           0.3464566929133858,
           "rgb(167, 206, 228)"
          ],
          [
           0.35039370078740156,
           "rgb(166, 205, 227)"
          ],
          [
           0.3543307086614173,
           "rgb(165, 205, 227)"
          ],
          [
           0.35826771653543305,
           "rgb(163, 204, 227)"
          ],
          [
           0.36220472440944884,
           "rgb(162, 203, 226)"
          ],
          [
           0.3661417322834646,
           "rgb(161, 203, 226)"
          ],
          [
           0.3700787401574803,
           "rgb(160, 202, 225)"
          ],
          [
           0.37401574803149606,
           "rgb(158, 202, 225)"
          ],
          [
           0.3779527559055118,
           "rgb(157, 201, 224)"
          ],
          [
           0.38188976377952755,
           "rgb(155, 200, 224)"
          ],
          [
           0.3858267716535433,
           "rgb(154, 199, 224)"
          ],
          [
           0.38976377952755903,
           "rgb(152, 199, 223)"
          ],
          [
           0.39370078740157477,
           "rgb(151, 198, 223)"
          ],
          [
           0.39763779527559057,
           "rgb(149, 197, 223)"
          ],
          [
           0.4015748031496063,
           "rgb(147, 196, 222)"
          ],
          [
           0.40551181102362205,
           "rgb(146, 195, 222)"
          ],
          [
           0.4094488188976378,
           "rgb(144, 194, 222)"
          ],
          [
           0.41338582677165353,
           "rgb(143, 193, 221)"
          ],
          [
           0.41732283464566927,
           "rgb(141, 192, 221)"
          ],
          [
           0.421259842519685,
           "rgb(139, 192, 221)"
          ],
          [
           0.4251968503937008,
           "rgb(138, 191, 220)"
          ],
          [
           0.42913385826771655,
           "rgb(136, 190, 220)"
          ],
          [
           0.4330708661417323,
           "rgb(135, 189, 220)"
          ],
          [
           0.43700787401574803,
           "rgb(133, 188, 219)"
          ],
          [
           0.4409448818897638,
           "rgb(131, 187, 219)"
          ],
          [
           0.4448818897637795,
           "rgb(130, 186, 219)"
          ],
          [
           0.44881889763779526,
           "rgb(128, 185, 218)"
          ],
          [
           0.452755905511811,
           "rgb(127, 184, 218)"
          ],
          [
           0.45669291338582674,
           "rgb(125, 184, 217)"
          ],
          [
           0.46062992125984253,
           "rgb(123, 183, 217)"
          ],
          [
           0.4645669291338583,
           "rgb(122, 182, 217)"
          ],
          [
           0.468503937007874,
           "rgb(120, 181, 216)"
          ],
          [
           0.47244094488188976,
           "rgb(119, 180, 216)"
          ],
          [
           0.4763779527559055,
           "rgb(117, 179, 216)"
          ],
          [
           0.48031496062992124,
           "rgb(115, 178, 215)"
          ],
          [
           0.484251968503937,
           "rgb(114, 177, 215)"
          ],
          [
           0.4881889763779528,
           "rgb(112, 177, 215)"
          ],
          [
           0.4921259842519685,
           "rgb(111, 176, 214)"
          ],
          [
           0.49606299212598426,
           "rgb(109, 175, 214)"
          ],
          [
           0.5,
           "rgb(106, 173, 213)"
          ],
          [
           0.5039370078740157,
           "rgb(105, 172, 213)"
          ],
          [
           0.5078740157480315,
           "rgb(103, 171, 212)"
          ],
          [
           0.5118110236220472,
           "rgb(102, 170, 212)"
          ],
          [
           0.515748031496063,
           "rgb(101, 170, 211)"
          ],
          [
           0.5196850393700787,
           "rgb(99, 169, 211)"
          ],
          [
           0.5236220472440944,
           "rgb(98, 168, 210)"
          ],
          [
           0.5275590551181102,
           "rgb(97, 167, 210)"
          ],
          [
           0.5314960629921259,
           "rgb(96, 166, 209)"
          ],
          [
           0.5354330708661417,
           "rgb(94, 165, 209)"
          ],
          [
           0.5393700787401575,
           "rgb(93, 164, 208)"
          ],
          [
           0.5433070866141733,
           "rgb(92, 163, 208)"
          ],
          [
           0.547244094488189,
           "rgb(90, 163, 207)"
          ],
          [
           0.5511811023622047,
           "rgb(89, 162, 207)"
          ],
          [
           0.5551181102362205,
           "rgb(88, 161, 206)"
          ],
          [
           0.5590551181102362,
           "rgb(87, 160, 206)"
          ],
          [
           0.562992125984252,
           "rgb(85, 159, 205)"
          ],
          [
           0.5669291338582677,
           "rgb(84, 158, 205)"
          ],
          [
           0.5708661417322834,
           "rgb(83, 157, 204)"
          ],
          [
           0.5748031496062992,
           "rgb(81, 156, 204)"
          ],
          [
           0.5787401574803149,
           "rgb(80, 155, 203)"
          ],
          [
           0.5826771653543307,
           "rgb(79, 155, 203)"
          ],
          [
           0.5866141732283464,
           "rgb(78, 154, 202)"
          ],
          [
           0.5905511811023622,
           "rgb(76, 153, 202)"
          ],
          [
           0.5944881889763779,
           "rgb(75, 152, 201)"
          ],
          [
           0.5984251968503937,
           "rgb(74, 151, 201)"
          ],
          [
           0.6023622047244095,
           "rgb(72, 150, 200)"
          ],
          [
           0.6062992125984252,
           "rgb(71, 149, 200)"
          ],
          [
           0.610236220472441,
           "rgb(70, 148, 199)"
          ],
          [
           0.6141732283464567,
           "rgb(69, 148, 199)"
          ],
          [
           0.6181102362204725,
           "rgb(67, 147, 198)"
          ],
          [
           0.6220472440944882,
           "rgb(66, 146, 198)"
          ],
          [
           0.6259842519685039,
           "rgb(65, 145, 197)"
          ],
          [
           0.6299212598425197,
           "rgb(64, 144, 197)"
          ],
          [
           0.6338582677165354,
           "rgb(63, 143, 196)"
          ],
          [
           0.6377952755905512,
           "rgb(62, 142, 196)"
          ],
          [
           0.6417322834645669,
           "rgb(61, 141, 195)"
          ],
          [
           0.6456692913385826,
           "rgb(60, 140, 195)"
          ],
          [
           0.6496062992125984,
           "rgb(59, 139, 194)"
          ],
          [
           0.6535433070866141,
           "rgb(58, 138, 193)"
          ],
          [
           0.6574803149606299,
           "rgb(57, 137, 193)"
          ],
          [
           0.6614173228346456,
           "rgb(56, 136, 192)"
          ],
          [
           0.6653543307086615,
           "rgb(55, 135, 192)"
          ],
          [
           0.6692913385826772,
           "rgb(53, 133, 191)"
          ],
          [
           0.6732283464566929,
           "rgb(52, 132, 191)"
          ],
          [
           0.6771653543307087,
           "rgb(51, 131, 190)"
          ],
          [
           0.6811023622047244,
           "rgb(50, 130, 190)"
          ],
          [
           0.6850393700787402,
           "rgb(49, 129, 189)"
          ],
          [
           0.6889763779527559,
           "rgb(48, 128, 189)"
          ],
          [
           0.6929133858267716,
           "rgb(47, 127, 188)"
          ],
          [
           0.6968503937007874,
           "rgb(46, 126, 188)"
          ],
          [
           0.7007874015748031,
           "rgb(45, 125, 187)"
          ],
          [
           0.7047244094488189,
           "rgb(44, 124, 187)"
          ],
          [
           0.7086614173228346,
           "rgb(43, 123, 186)"
          ],
          [
           0.7125984251968503,
           "rgb(42, 122, 185)"
          ],
          [
           0.7165354330708661,
           "rgb(41, 121, 185)"
          ],
          [
           0.7204724409448818,
           "rgb(40, 120, 184)"
          ],
          [
           0.7244094488188977,
           "rgb(39, 119, 184)"
          ],
          [
           0.7283464566929134,
           "rgb(38, 118, 183)"
          ],
          [
           0.7322834645669292,
           "rgb(37, 117, 183)"
          ],
          [
           0.7362204724409449,
           "rgb(36, 116, 182)"
          ],
          [
           0.7401574803149606,
           "rgb(35, 115, 182)"
          ],
          [
           0.7440944881889764,
           "rgb(34, 114, 181)"
          ],
          [
           0.7480314960629921,
           "rgb(33, 113, 181)"
          ],
          [
           0.7519685039370079,
           "rgb(32, 112, 180)"
          ],
          [
           0.7559055118110236,
           "rgb(31, 111, 179)"
          ],
          [
           0.7598425196850394,
           "rgb(30, 110, 178)"
          ],
          [
           0.7637795275590551,
           "rgb(30, 109, 178)"
          ],
          [
           0.7677165354330708,
           "rgb(29, 108, 177)"
          ],
          [
           0.7716535433070866,
           "rgb(28, 107, 176)"
          ],
          [
           0.7755905511811023,
           "rgb(27, 106, 175)"
          ],
          [
           0.7795275590551181,
           "rgb(26, 105, 174)"
          ],
          [
           0.7834645669291338,
           "rgb(26, 104, 174)"
          ],
          [
           0.7874015748031495,
           "rgb(25, 103, 173)"
          ],
          [
           0.7913385826771654,
           "rgb(24, 102, 172)"
          ],
          [
           0.7952755905511811,
           "rgb(23, 101, 171)"
          ],
          [
           0.7992125984251969,
           "rgb(23, 100, 171)"
          ],
          [
           0.8031496062992126,
           "rgb(22, 99, 170)"
          ],
          [
           0.8070866141732284,
           "rgb(21, 98, 169)"
          ],
          [
           0.8110236220472441,
           "rgb(20, 97, 168)"
          ],
          [
           0.8149606299212598,
           "rgb(19, 96, 167)"
          ],
          [
           0.8188976377952756,
           "rgb(19, 95, 167)"
          ],
          [
           0.8228346456692913,
           "rgb(18, 94, 166)"
          ],
          [
           0.8267716535433071,
           "rgb(17, 93, 165)"
          ],
          [
           0.8307086614173228,
           "rgb(16, 92, 164)"
          ],
          [
           0.8346456692913385,
           "rgb(15, 91, 163)"
          ],
          [
           0.8385826771653543,
           "rgb(15, 90, 163)"
          ],
          [
           0.84251968503937,
           "rgb(14, 89, 162)"
          ],
          [
           0.8464566929133858,
           "rgb(13, 88, 161)"
          ],
          [
           0.8503937007874016,
           "rgb(12, 87, 160)"
          ],
          [
           0.8543307086614174,
           "rgb(12, 86, 160)"
          ],
          [
           0.8582677165354331,
           "rgb(11, 85, 159)"
          ],
          [
           0.8622047244094488,
           "rgb(10, 84, 158)"
          ],
          [
           0.8661417322834646,
           "rgb(9, 83, 157)"
          ],
          [
           0.8700787401574803,
           "rgb(8, 82, 156)"
          ],
          [
           0.8740157480314961,
           "rgb(8, 81, 156)"
          ],
          [
           0.8779527559055118,
           "rgb(8, 80, 154)"
          ],
          [
           0.8818897637795275,
           "rgb(8, 79, 153)"
          ],
          [
           0.8858267716535433,
           "rgb(8, 78, 151)"
          ],
          [
           0.889763779527559,
           "rgb(8, 76, 150)"
          ],
          [
           0.8937007874015748,
           "rgb(8, 75, 148)"
          ],
          [
           0.8976377952755905,
           "rgb(8, 74, 146)"
          ],
          [
           0.9015748031496063,
           "rgb(8, 73, 145)"
          ],
          [
           0.905511811023622,
           "rgb(8, 72, 143)"
          ],
          [
           0.9094488188976377,
           "rgb(8, 71, 142)"
          ],
          [
           0.9133858267716535,
           "rgb(8, 70, 140)"
          ],
          [
           0.9173228346456693,
           "rgb(8, 69, 139)"
          ],
          [
           0.9212598425196851,
           "rgb(8, 68, 137)"
          ],
          [
           0.9251968503937008,
           "rgb(8, 67, 136)"
          ],
          [
           0.9291338582677166,
           "rgb(8, 66, 134)"
          ],
          [
           0.9330708661417323,
           "rgb(8, 65, 133)"
          ],
          [
           0.937007874015748,
           "rgb(8, 64, 131)"
          ],
          [
           0.9409448818897638,
           "rgb(8, 63, 130)"
          ],
          [
           0.9448818897637795,
           "rgb(8, 62, 128)"
          ],
          [
           0.9488188976377953,
           "rgb(8, 61, 126)"
          ],
          [
           0.952755905511811,
           "rgb(8, 60, 125)"
          ],
          [
           0.9566929133858267,
           "rgb(8, 59, 123)"
          ],
          [
           0.9606299212598425,
           "rgb(8, 58, 122)"
          ],
          [
           0.9645669291338582,
           "rgb(8, 57, 120)"
          ],
          [
           0.968503937007874,
           "rgb(8, 56, 119)"
          ],
          [
           0.9724409448818897,
           "rgb(8, 55, 117)"
          ],
          [
           0.9763779527559056,
           "rgb(8, 54, 116)"
          ],
          [
           0.9803149606299213,
           "rgb(8, 53, 114)"
          ],
          [
           0.984251968503937,
           "rgb(8, 52, 113)"
          ],
          [
           0.9881889763779528,
           "rgb(8, 51, 111)"
          ],
          [
           0.9921259842519685,
           "rgb(8, 50, 110)"
          ],
          [
           0.9960629921259843,
           "rgb(8, 49, 108)"
          ],
          [
           1,
           "rgb(8, 48, 107)"
          ]
         ],
         "showscale": false,
         "type": "heatmap",
         "x": [
          "qubit",
          "topological",
          "hall",
          "superconductor",
          "semiconductor",
          "graphene",
          "metamaterial",
          "quasicrystal",
          "laser",
          "dot",
          "condensation"
         ],
         "y": [
          "qubit",
          "topological",
          "hall",
          "superconductor",
          "semiconductor",
          "graphene",
          "metamaterial",
          "quasicrystal",
          "laser",
          "dot",
          "condensation"
         ],
         "z": [
          [
           1.0000000000000004,
           0.15150894355068262,
           -0.009916982825119224,
           0.07589376739291437,
           0.08192886312290312,
           0.02989986837716853,
           0.03620657257625524,
           -0.10051614620806827,
           0.046829567959679255,
           0.28582851765147266,
           -0.07816037251921269
          ],
          [
           0.15150894355068262,
           1.0000000000000004,
           0.25208427257970467,
           0.20343329542007985,
           0.10782537067632036,
           0.11212991949599427,
           0.2679079168307694,
           0.17130157010281089,
           0.04702097175633406,
           0.048893149356755844,
           0.13822464550477542
          ],
          [
           -0.009916982825119224,
           0.25208427257970467,
           1,
           0.046008440998295416,
           0.08389997779202278,
           0.08489511497739552,
           -0.028491210739506747,
           0.0394303219328174,
           -0.059889177887622436,
           0.06537076990127663,
           0.0782353022168918
          ],
          [
           0.07589376739291437,
           0.20343329542007985,
           0.046008440998295416,
           1.0000000000000004,
           0.18235844272694077,
           0.13164702628222708,
           0.1323278244006027,
           0.07834794662067364,
           0.0061497063205317795,
           0.016560523064848835,
           0.14330904383748483
          ],
          [
           0.08192886312290312,
           0.10782537067632036,
           0.08389997779202278,
           0.18235844272694077,
           1.0000000000000002,
           0.15299121589757642,
           0.14084088958546576,
           -0.01845169154421039,
           0.20993883520429024,
           0.07594892440744246,
           0.0741563437507088
          ],
          [
           0.02989986837716853,
           0.11212991949599427,
           0.08489511497739552,
           0.13164702628222708,
           0.15299121589757642,
           1,
           0.20961842445124435,
           0.022323760363979997,
           0.09812474761831379,
           0.06699626355890284,
           -0.04938710119016859
          ],
          [
           0.03620657257625524,
           0.2679079168307694,
           -0.028491210739506747,
           0.1323278244006027,
           0.14084088958546576,
           0.20961842445124435,
           1.0000000000000002,
           0.2869604182682013,
           0.2008927165831896,
           -0.08618215674242494,
           -0.04825379855624521
          ],
          [
           -0.10051614620806827,
           0.17130157010281089,
           0.0394303219328174,
           0.07834794662067364,
           -0.01845169154421039,
           0.022323760363979997,
           0.2869604182682013,
           1.0000000000000004,
           0.06287896172088124,
           -0.07079832816770945,
           0.06289953431511233
          ],
          [
           0.046829567959679255,
           0.04702097175633406,
           -0.059889177887622436,
           0.0061497063205317795,
           0.20993883520429024,
           0.09812474761831379,
           0.2008927165831896,
           0.06287896172088124,
           1.0000000000000004,
           -0.003800290121010092,
           0.13706001139634535
          ],
          [
           0.28582851765147266,
           0.048893149356755844,
           0.06537076990127663,
           0.016560523064848835,
           0.07594892440744246,
           0.06699626355890284,
           -0.08618215674242494,
           -0.07079832816770945,
           -0.003800290121010092,
           1.0000000000000004,
           -0.04541467198757908
          ],
          [
           -0.07816037251921269,
           0.13822464550477542,
           0.0782353022168918,
           0.14330904383748483,
           0.0741563437507088,
           -0.04938710119016859,
           -0.04825379855624521,
           0.06289953431511233,
           0.13706001139634535,
           -0.04541467198757908,
           1
          ]
         ]
        }
       ],
       "layout": {
        "height": 500,
        "width": 500
       }
      },
      "text/html": [
